100
69.07919 37.77774 18.953096
68.266914 66.89419 8.998548
54.00109 32.09481 18.17199
42.48829 32.832897 17.341406
9.22237 63.16681 11.972029
63.899868 3.1115234 8.407737
87.522026 30.583841 8.389798
16.237896 55.56084 9.963402
20.629025 9.199876 15.711885
93.51074 26.10662 11.232361
49.96628 88.769165 13.148669
47.780914 27.115643 1.6282415
19.157797 35.18291 0.651747
80.52259 96.45415 10.337076
73.87823 0.23614168 6.6842246
13.887697 76.20646 11.439099
96.28199 94.439674 15.772868
50.336926 30.3209 7.763741
49.15374 93.06515 15.302849
83.644516 50.351345 15.148559
14.269447 30.78947 12.452626
32.764076 15.444756 4.5422115
62.51111 26.057095 4.3459487
34.514038 11.058253 4.5170746
73.758514 58.278297 19.833096
19.258755 23.368954 13.552395
29.460245 77.370895 16.077581
55.868446 4.537654 6.4142933
70.20208 73.97265 1.2560678
66.33482 78.968254 7.724452
30.956095 98.34456 3.6475885
26.11016 10.525608 11.035881
61.445904 44.36636 9.634926
62.22605 60.37814 10.302586
45.89452 98.98819 18.4886
4.799795 19.304585 15.819918
79.182884 47.589607 3.096677
40.636093 45.658936 5.4494467
54.31154 56.573494 1.9211781
36.43572 53.994305 6.5669575
31.889004 64.21131 4.722337
80.25157 66.91376 12.558594
76.6299 68.43541 19.433386
88.866844 51.509415 14.916345
51.74356 74.24588 0.27588844
73.239746 9.088289 11.13496
12.050194 7.769662 18.323149
35.148083 24.545706 17.664988
29.548126 14.453954 3.6638832
61.56172 16.207504 3.2986486
68.13121 44.76561 18.58526
63.533474 30.300241 10.328381
92.305336 72.793175 14.4194565
12.641144 70.180374 14.603952
6.110448 2.4548173 12.718711
63.99854 74.528694 17.668999
1.3563395 82.74597 17.35401
51.457607 50.298958 1.1189842
8.381266 69.46652 4.3406496
81.132904 35.608967 16.424053
64.200005 33.23001 8.951864
54.8949 89.878914 0.19500136
50.0055 62.43527 17.124462
49.575012 29.56447 19.85974
50.659107 26.075518 5.0708
96.2637 30.780304 16.119255
92.876625 45.76323 5.82281
88.68979 78.99149 15.7073345
10.188478 6.0106936 11.714555
58.122147 58.391243 10.379208
35.27068 82.14702 8.370723
44.42103 45.45854 15.079661
89.04482 13.298064 6.409663
94.30781 36.572964 13.495018
30.58204 14.773053 2.8554523
36.874336 33.565205 12.644102
16.901375 89.36531 8.08384
56.631832 72.510056 3.664664
25.026077 12.087238 13.242762
28.0828 46.2641 11.097614
56.37574 15.914875 4.028906
26.817608 29.777967 12.612576
66.42746 33.966057 13.104904
33.642757 34.50039 5.244496
5.8648405 20.206429 3.9482117
33.527542 89.56439 5.2766886
64.7638 79.05304 14.332722
99.734344 32.38518 3.0511355
97.004585 7.801664 13.334473
40.9351 86.130226 4.9859533
73.20092 26.763756 7.249558
80.90308 43.104733 9.213008
99.88762 30.545717 16.283707
77.17517 25.477522 15.683976
37.676094 3.4750938 16.181696
28.503078 55.127758 18.224995
19.712751 95.62496 15.797595
15.742082 33.95015 17.09538
88.835304 44.86213 19.070513
21.70589 35.996773 11.841045
16.5 0.0
4.5 100.0