20
67.06677 46.769608 12.634081
18.163342 27.913189 13.7492075
82.47594 63.634594 7.986455
16.004395 99.14133 10.585024
83.44186 45.44023 14.561689
90.8911 15.433783 1.7778218
28.658188 51.165985 5.626177
96.5469 71.81439 5.381178
31.389761 26.219028 11.994268
37.773174 85.23136 0.9034538
26.15748 48.688324 15.95561
97.19895 49.15445 15.076505
1.0932744 20.378977 2.7043223
87.52764 29.8307 4.471468
16.560286 24.256588 3.7479818
82.627716 87.08117 13.815755
60.041523 45.909565 3.153236
84.21884 36.137707 3.1468773
33.55856 28.749138 0.05715847
5.4860888 51.25228 2.7699625
34.0 0.0
3.0 100.0