200
78.226166 51.616024 1.0817766
10.836565 82.64453 3.896923
20.189964 52.295326 16.057112
65.64646 66.09308 12.110674
73.72064 59.463345 9.465044
59.57153 83.242615 1.8039834
45.538254 98.06522 17.330946
34.478455 18.905031 9.195087
16.934282 98.96307 14.3127365
53.81736 0.6408155 6.0642376
91.80702 96.85031 12.285585
63.437737 25.656044 7.8084717
31.514675 57.35818 9.437914
59.541256 77.54419 12.709769
5.1785765 6.8291245 17.606411
93.237335 90.729454 19.652813
8.776581 12.795896 11.574393
0.9419024 85.42164 15.846368
89.99632 94.70284 10.6292095
63.519962 92.97121 16.185972
40.581017 31.053083 18.08935
8.1212635 55.970062 19.402367
29.610474 3.9624631 7.957567
23.888868 84.430374 9.195823
80.09231 10.484892 15.532122
51.34537 39.42726 10.194841
68.63614 98.87813 13.76207
41.47981 58.741646 2.1632087
32.990776 35.17776 2.913314
62.11799 28.555143 1.651274
65.87516 64.48789 18.69603
93.887665 93.913246 0.04506111
23.31764 73.341 5.817853
86.70624 79.354454 3.7812793
46.116837 10.525608 18.176815
56.63678 1.2613535 5.2197895
74.28683 35.11507 9.786035
7.160318 62.133045 6.87325
3.581661 31.749058 3.2503414
44.34322 54.46296 15.5815325
88.963844 60.605217 14.648636
84.6864 59.841816 8.836229
82.971924 62.748634 12.773365
39.279453 37.311085 2.5579
7.218713 35.3974 4.9140882
65.32602 44.7132 11.246842
96.19781 99.70886 7.5457773
96.17507 85.06662 7.2553215
82.03282 53.34972 7.5534105
46.567017 63.971943 1.311202
26.29916 60.873753 16.573025
89.664406 18.813145 1.7920923
42.985844 52.283096 18.725086
42.499386 35.209675 17.616096
44.509518 11.182952 15.043678
23.65647 93.62629 19.634346
60.169197 10.465145 9.678575
34.609283 31.082844 10.414055
83.62747 72.68694 11.013894
38.823677 25.547235 17.564632
55.149628 94.57228 12.259454
33.889854 40.1567 13.141841
99.87465 92.34236 2.2809672
85.089745 97.3657 6.6342554
23.914505 13.14702 2.5374305
59.688793 49.51032 3.9780486
37.420338 2.496022 11.521822
6.089735 4.3270407 18.61413
91.62881 34.397446 1.9538093
12.098032 58.36261 4.7565413
23.12035 20.08856 12.426362
58.657223 15.52031 6.287221
41.870583 40.40764 7.3381805
51.64677 8.386403 1.910094
44.316685 20.085484 4.1643867
44.98539 39.510178 13.329082
89.82149 89.274666 10.913446
24.94787 93.145004 19.951464
47.530674 42.048943 8.920517
11.667204 80.559975 15.098847
65.395515 56.127834 9.169645
83.570885 78.49837 14.123779
80.495445 49.712086 6.183672
97.73913 8.561409 12.696809
58.90094 98.12738 3.8535273
30.01054 49.85652 4.2724333
41.34372 38.96023 7.6931562
33.465397 87.72883 16.10879
58.646954 98.02655 1.3433945
6.8630037 77.46628 7.8980207
96.20988 55.246544 14.066917
79.17494 79.611984 9.812264
81.711525 57.295155 8.845547
89.32785 13.852054 5.1232314
46.5252 36.10165 4.7510185
86.20805 60.59708 7.2120857
0.3540337 40.66416 1.0855365
86.47068 69.12631 2.51225
28.573269 85.398735 19.552353
83.088684 45.555515 4.7400165
86.44459 87.71595 11.837721
41.299732 40.864437 4.07326
86.308235 34.209557 16.106205
73.493706 52.60458 8.114619
3.6405861 58.209103 6.54094
5.0537586 51.01082 6.2942743
92.08741 67.67079 2.580868
48.461533 61.19333 2.5266552
45.403408 31.520874 9.624944
57.03274 87.94729 6.8387947
84.08644 40.94941 9.0653305
94.52617 31.236113 15.487524
49.538578 38.18525 10.697183
31.12697 97.19491 12.877063
21.190756 61.26448 10.692385
38.9742 56.290226 0.5397737
74.67007 25.206465 3.5260093
75.65322 68.70994 1.454804
20.720417 41.54082 7.825637
41.032475 2.5037348 6.451769
38.522293 94.78117 0.35505652
19.363976 46.533566 19.49588
78.263 97.62646 6.7291546
77.27403 38.123775 19.063578
34.365948 67.350105 9.482819
97.17098 31.510794 10.8769245
76.16512 51.525658 2.125026
5.58486 28.821283 0.46554446
32.460106 99.540306 7.6669908
31.26775 58.441795 0.56734204
64.05823 52.646782 10.946409
35.310165 72.208374 16.210073
64.45154 91.5101 10.628328
92.4364 33.59199 16.35093
54.548466 45.938976 15.368728
3.2770097 73.14175 19.003496
86.82207 88.36469 8.034297
31.306892 99.87454 4.5771303
75.44876 6.7332983 19.74413
13.790506 39.34764 4.70872
35.640274 69.50267 5.5770183
67.56574 17.829514 12.359554
79.42893 57.28679 18.206118
63.88035 66.38793 11.108241
59.797997 16.752953 11.298646
27.386772 78.04191 1.4632618
47.64714 58.06643 11.221947
47.42717 11.01656 14.016295
49.00468 6.6738725 9.773698
94.916626 91.83931 12.804352
67.93288 79.75459 4.9570026
28.657013 43.742416 0.96102476
31.172127 20.056593 13.182743
85.16916 93.648994 11.216948
94.73369 60.29593 7.622504
48.125828 63.29728 16.442673
81.23238 49.08536 8.1935005
94.27761 61.62152 1.3027549
48.81971 8.96467 3.5873878
84.93196 28.272598 1.0597754
69.36681 92.277 0.82968235
53.27333 59.07883 12.333246
23.352348 58.773335 16.466843
45.63707 62.190353 0.61707616
45.24322 2.708453 15.517935
16.392845 83.74116 6.078292
80.24572 85.370094 5.110655
92.32738 57.65202 1.4092135
50.009144 25.538689 0.06001234
90.78634 4.9405518 1.0288692
39.84763 99.120674 15.798692
4.4267774 0.09562373 9.623333
18.007744 66.77199 14.618916
46.27482 71.23507 1.8945193
48.095287 95.01766 15.340725
97.23835 51.399208 11.319089
53.690765 52.86277 12.610037
89.779526 86.78397 8.804672
0.900656 78.51816 4.4428277
86.63533 44.604755 4.511485
78.91103 7.335174 15.7647
5.9651613 19.00143 17.830854
85.220436 13.93162 10.849655
96.67967 2.0904422 15.973024
54.282623 9.227789 19.13446
33.67306 1.535672 6.965463
71.88245 3.5505712 5.545914
93.98396 76.47003 6.647091
2.885151 42.95721 7.4187126
95.485695 4.36939 0.42122722
45.77778 61.764496 1.7828548
99.05915 44.413082 14.87184
52.23269 70.14339 18.150969
27.309513 30.34045 12.119994
55.67765 8.784151 10.906546
56.349903 43.71174 14.488416
62.7868 82.01162 14.834253
66.67868 67.862885 6.7740417
97.07416 56.631012 6.860915
37.73387 10.711098 13.571651
5.0 0.0
49.5 100.0