50
54.99112 85.39398 8.84351
26.860434 51.128857 8.262255
85.3243 41.119194 0.0838685
73.9542 97.310776 12.137942
35.434097 79.43487 15.548707
42.4483 85.7691 13.030595
66.05166 78.41774 19.734594
80.793884 94.134766 5.9039745
28.094107 91.486916 9.032162
50.928944 96.11503 15.269284
46.227657 46.756565 19.69072
55.01226 71.06516 15.522959
14.5949955 43.943203 1.1513305
44.000233 61.63311 6.98244
71.54964 72.14087 7.562721
46.285934 25.0055 10.846994
71.167435 88.1834 19.124004
10.733879 74.895004 16.900776
36.057163 93.890236 2.8033733
26.159567 69.51549 17.236008
77.264824 72.771614 4.9081206
37.948746 89.58006 9.156258
59.671818 60.824257 15.911494
49.644897 41.34198 9.748798
63.68367 43.838017 9.785052
40.08165 26.53085 11.034075
24.048298 92.11756 11.954232
44.849144 48.359806 18.864223
89.86112 19.32888 9.763529
57.516296 36.72 5.7635584
73.939186 41.453056 7.2419605
27.000845 22.920603 1.9289505
55.548668 53.782207 2.8856313
65.151 81.09994 9.479289
58.373497 38.448463 11.146369
29.906113 5.095756 16.87193
51.90748 41.771763 7.576947
41.488605 45.924168 3.3581436
0.3066957 8.589482 17.533775
92.25635 95.761314 13.635798
63.600056 83.757576 1.4690459
10.470676 23.425125 5.349289
88.47342 78.891304 14.6898
94.04282 3.6791265 4.4273386
42.467064 50.071884 4.4501553
23.594696 55.322903 9.631952
10.359687 15.230823 6.2232933
30.02385 38.385075 4.8962307
79.11399 49.128086 7.0733976
55.676216 37.571793 5.6668577
54.5 0.0
77.5 100.0